0.000000 10.000000 5.000000
0.502513 -9.765557 -10.136289
1.005025 10.000000 5.000000
1.507538 -9.396171 -10.113047
2.010050 10.000000 5.000000
2.512563 -9.480822 -10.156349
3.015075 10.000000 5.000000
3.517588 -9.452020 -10.163467
4.020101 10.000000 5.000000
4.522613 -9.461575 -10.056120
5.025126 10.000000 5.000000
5.527638 -9.630524 -10.198921
6.030151 10.000000 5.000000
6.532663 -9.635386 -10.088517
7.035176 10.000000 5.000000
7.537688 -9.587762 -10.042002
8.040201 10.000000 5.000000
8.542714 -9.651435 -10.112023
9.045226 10.000000 5.000000
9.547739 -9.701605 -10.066858
10.050251 10.000000 5.000000
10.552764 -9.433957 -10.106321
11.055276 10.000000 5.000000
11.557789 -9.628079 -10.097094
12.060302 10.000000 5.000000
12.562814 -9.946358 -10.079222
13.065327 10.000000 5.000000
13.567839 -9.980484 -10.088358
14.070352 10.000000 5.000000
14.572864 -9.724126 -10.079418
15.075377 10.000000 5.000000
15.577889 -9.745306 -10.103199
16.080402 10.000000 5.000000
16.582915 -9.394983 -10.186291
17.085427 10.000000 5.000000
17.587940 -9.641755 -10.131901
18.090452 10.000000 5.000000
18.592965 -9.796725 -10.123744
19.095477 10.000000 5.000000
19.597990 -9.485547 -10.113182
20.100503 10.000000 5.000000
20.603015 -9.919509 -10.114508
21.105528 10.000000 5.000000
21.608040 -9.798296 -10.048190
22.110553 10.000000 5.000000
22.613065 -9.354114 -10.072242
23.115578 10.000000 5.000000
23.618090 -9.589559 -10.187465
24.120603 10.000000 5.000000
24.623116 -9.898992 -10.077113
25.125628 10.000000 2.000000
25.628141 -9.660606 -4.059730
26.130653 10.000000 2.000000
26.633166 -9.998841 -4.013437
27.135678 10.000000 2.000000
27.638191 -9.559238 -4.066739
28.140704 10.000000 2.000000
28.643216 -9.770145 -4.056445
29.145729 10.000000 2.000000
29.648241 -9.454950 -4.032723
30.150754 10.000000 2.000000
30.653266 -9.770959 -4.078199
31.155779 10.000000 2.000000
31.658291 -9.559715 -4.021140
32.160804 10.000000 2.000000
32.663317 -9.812605 -4.025591
33.165829 10.000000 2.000000
33.668342 -9.520925 -4.070766
34.170854 10.000000 2.000000
34.673367 -9.424226 -4.060645
35.175879 10.000000 2.000000
35.678392 -9.397832 -4.021363
36.180905 10.000000 2.000000
36.683417 -9.353675 -4.050825
37.185930 10.000000 2.000000
37.688442 -9.699795 -4.042797
38.190955 10.000000 2.000000
38.693467 -9.735341 -4.032042
39.195980 10.000000 2.000000
39.698492 -9.386778 -4.053131
40.201005 10.000000 2.000000
40.703518 -9.703305 -4.017893
41.206030 10.000000 2.000000
41.708543 -9.572405 -4.027795
42.211055 10.000000 2.000000
42.713568 -9.947694 -4.042840
43.216080 10.000000 2.000000
43.718593 -9.741955 -4.074635
44.221106 10.000000 2.000000
44.723618 -9.613480 -4.049951
45.226131 10.000000 2.000000
45.728643 -9.817924 -4.040553
46.231156 10.000000 2.000000
46.733668 -9.461734 -4.047704
47.236181 10.000000 2.000000
47.738693 -9.319554 -4.049592
48.241206 10.000000 2.000000
48.743719 -9.778836 -4.058643
49.246231 10.000000 2.000000
49.748744 -9.330270 -4.038124
50.251256 10.000000 -1.000000
50.753769 -9.931319 2.029865
51.256281 10.000000 -1.000000
51.758794 -9.873980 2.006718
52.261307 10.000000 -1.000000
52.763819 -9.831535 2.033369
53.266332 10.000000 -1.000000
53.768844 -9.706565 2.028223
54.271357 10.000000 -1.000000
54.773869 -9.853263 2.016362
55.276382 10.000000 -1.000000
55.778894 -9.831635 2.039100
56.281407 10.000000 -1.000000
56.783920 -9.502897 2.010570
57.286432 10.000000 -1.000000
57.788945 -9.717508 2.012795
58.291457 10.000000 -1.000000
58.793970 -9.666821 2.035383
59.296482 10.000000 -1.000000
59.798995 -9.960790 2.030323
60.301508 10.000000 -1.000000
60.804020 -9.621652 2.010682
61.306533 10.000000 -1.000000
61.809045 -9.908281 2.025412
62.311558 10.000000 -1.000000
62.814070 -9.922629 2.021399
63.316583 10.000000 -1.000000
63.819095 -9.935618 2.016021
64.321608 10.000000 -1.000000
64.824121 -9.619016 2.026566
65.326633 10.000000 -1.000000
65.829146 -9.956090 2.008946
66.331658 10.000000 -1.000000
66.834171 -9.813112 2.013897
67.336683 10.000000 -1.000000
67.839196 -9.748958 2.021420
68.341709 10.000000 -1.000000
68.844221 -9.312641 2.037318
69.346734 10.000000 -1.000000
69.849246 -9.448723 2.024976
70.351759 10.000000 -1.000000
70.854271 -9.680357 2.020276
71.356784 10.000000 -1.000000
71.859296 -9.971719 2.023852
72.361809 10.000000 -1.000000
72.864322 -9.868798 2.024796
73.366834 10.000000 -1.000000
73.869347 -9.340827 2.029321
74.371859 10.000000 -1.000000
74.874372 -9.398470 2.019062
75.376884 10.000000 5.000000
75.879397 -9.831787 -10.127862
76.381910 10.000000 5.000000
76.884422 -9.878626 -10.074185
77.386935 10.000000 5.000000
77.889447 -9.885312 -10.068738
78.391960 10.000000 5.000000
78.894472 -9.465509 -10.073707
79.396985 10.000000 5.000000
79.899497 -9.538361 -10.140780
80.402010 10.000000 5.000000
80.904523 -9.470188 -10.154295
81.407035 10.000000 5.000000
81.909548 -9.333542 -10.092626
82.412060 10.000000 5.000000
82.914573 -9.489274 -10.147615
83.417085 10.000000 5.000000
83.919598 -9.651668 -10.105362
84.422111 10.000000 5.000000
84.924623 -9.634878 -10.013433
85.427136 10.000000 5.000000
85.929648 -9.403684 -10.030863
86.432161 10.000000 5.000000
86.934673 -9.535905 -10.032724
87.437186 10.000000 5.000000
87.939698 -9.824726 -10.057294
88.442211 10.000000 5.000000
88.944724 -9.723666 -10.058333
89.447236 10.000000 5.000000
89.949749 -9.379874 -10.151830
90.452261 10.000000 5.000000
90.954774 -9.785623 -10.152672
91.457286 10.000000 5.000000
91.959799 -9.858855 -10.044034
92.462312 10.000000 5.000000
92.964824 -9.498339 -10.122053
93.467337 10.000000 5.000000
93.969849 -9.398373 -10.175913
94.472362 10.000000 5.000000
94.974874 -9.313611 -10.147728
95.477387 10.000000 5.000000
95.979899 -9.766129 -10.165835
96.482412 10.000000 5.000000
96.984925 -9.712661 -10.074326
97.487437 10.000000 5.000000
97.989950 -9.558963 -10.093451
98.492462 10.000000 5.000000
98.994975 -9.902771 -10.164410
99.497487 10.000000 5.000000
100.000000 -9.497012 -10.113835
