156.757560 72.504025 13.821662
157.131863 72.915981 13.736286
154.656557 71.975806 13.198815
154.648331 72.180975 13.171158
153.045227 71.669608 13.493292
155.001345 71.991864 14.923534
154.610221 72.254713 14.793042
152.618359 71.265401 14.257703
143.484795 67.270046 13.663242
143.762515 67.335354 15.009710
102.615251 45.611103 13.993602
101.040987 45.704231 13.547928
100.685441 45.330631 14.227757
101.373990 45.214317 14.268160
100.070085 44.844268 13.382201
101.042965 45.358752 14.312194
97.661374 43.062151 13.707357
98.108895 43.763761 13.442862
99.873600 44.416353 14.272364
97.469323 43.532739 14.843236
97.067267 44.172677 14.807365
97.694181 43.780604 14.071553
96.977523 42.969453 14.096666
96.412494 42.562293 15.233462
98.325411 44.656749 14.775497
96.607374 43.579847 13.637760
96.259975 43.474470 14.430233
96.489374 43.067951 15.076820
94.127109 41.500015 14.342154
94.701118 43.019043 15.180941
85.404612 37.740793 14.323757
86.143247 38.175435 13.760782
80.890109 34.887101 13.913176
81.029377 35.357363 14.801252
81.364004 35.228626 13.892844
81.165416 35.710015 15.008741
79.777886 34.979838 15.384296
79.978670 34.571564 15.487196
79.227298 34.840601 14.201738
77.754202 33.864939 13.971752
77.850778 33.315556 14.687769
78.487282 34.186902 14.683184
76.233382 32.952234 15.092422
77.014255 34.213460 14.135366
74.399668 32.330301 14.511507
76.095035 33.299632 14.170995
75.116488 32.875317 15.081201
74.047041 32.657915 14.365064
74.137430 31.998087 15.561192
74.162036 31.824581 15.964126
72.823236 31.215759 15.256569
73.337739 31.291498 14.431202
73.041485 31.676084 16.000274
71.715503 31.007158 15.129838
71.762920 30.798076 14.758134
71.108301 30.786508 15.833127
67.863974 29.151889 15.851116
68.440272 29.557351 14.754378
68.284423 28.809888 15.323070
67.279854 29.301879 14.788105
70.974765 30.305398 16.014081
68.864784 29.663862 16.199322
70.511587 30.550689 15.374022
68.314010 29.379402 15.013703
68.714806 29.671449 15.674960
70.347484 30.022126 15.162148
68.749212 28.581305 15.873986
70.499639 30.095092 14.679359
67.850880 28.732345 16.178261
68.447640 28.560231 16.052121
66.006098 27.788270 14.625890
66.439060 27.669391 16.306999
61.120046 25.047706 15.567497
60.356003 25.146513 15.375894
61.394908 25.606944 15.786370
59.866951 25.361404 15.887888
59.277528 24.056135 15.627434
60.447216 25.194463 15.443636
58.835274 23.999684 16.181100
58.163273 23.779735 15.261607
58.973001 24.454993 16.000839
57.055338 23.365887 16.051064
58.452557 23.320797 14.826997
56.026471 22.670859 14.781543
55.275667 22.148031 15.740462
56.400064 22.982188 16.527585
55.945110 22.927085 16.515220
55.847194 22.742371 15.898897
53.906737 21.847833 15.036446
52.832449 21.387845 15.404507
48.127314 18.308155 14.936576
49.561032 19.724963 16.329721
48.037785 19.435884 15.021047
48.315295 18.530279 15.090857
47.316629 19.101394 15.517350
46.930004 18.620309 15.292472
47.609189 18.008575 15.425055
48.104144 19.307591 15.342555
47.211236 18.267814 16.015880
45.782324 17.475540 15.164760
44.368860 17.804786 16.167860
45.853931 17.696550 15.975910
45.955542 17.943227 15.905582
43.636958 16.814102 16.642582
43.228776 17.170366 15.948386
44.447280 17.226637 15.474122
43.569176 16.833539 15.693040
42.831357 16.471642 15.392635
40.328343 14.524141 16.706227
43.071609 16.130220 15.695399
42.737514 16.503093 16.275580
41.076791 16.282332 16.299973
38.436906 14.461663 15.508154
38.119728 13.834786 16.744346
36.775840 13.278763 16.011417
37.767880 13.378989 17.150503
36.148409 12.901788 16.610487
35.070594 12.312690 16.855789
35.414773 13.384815 16.716513
34.367148 12.384655 16.303624
43.832114 16.069465 15.988829
41.580376 15.799348 15.941296
42.113737 16.310037 15.565280
41.692131 15.690487 16.684060
40.457592 14.870663 17.350966
41.176256 15.554557 15.739941
39.575128 15.440879 16.140849
38.645968 14.655964 15.924022
37.767659 13.669838 16.957944
37.718489 14.004979 15.919269
38.638485 14.588310 17.196038
36.809927 13.572993 17.540113
36.015898 12.804519 17.304233
37.266144 13.986982 17.606162
35.598595 13.006191 16.241382
36.526375 13.318989 17.269263
36.085705 12.912282 15.979307
36.791094 13.556366 16.578099
35.225366 13.144869 15.932116
35.702009 12.310225 16.722684
33.419401 11.588457 17.530145
33.740483 11.574156 17.551821
32.194535 11.077887 16.419842
33.449969 11.955758 17.346259
30.475203 9.860894 17.769493
29.802191 9.390972 17.630726
31.042367 10.493240 17.553522
29.997009 10.053574 17.836476
29.213200 9.563156 17.184092
30.135422 10.720607 17.920788
29.895158 9.007048 17.456761
28.085368 9.346865 17.817536
30.836359 10.906820 16.432702
29.250363 9.597121 16.929060
29.232545 9.390590 17.370909
28.016961 8.246987 17.291721
25.804370 8.041257 16.947001
27.695927 9.004095 17.405917
26.471162 8.274384 17.541276
25.660069 7.858039 17.463646
24.046337 7.575848 17.574856
22.905199 7.145673 17.478354
23.027239 6.402451 18.010929
22.135295 5.967709 17.039648
20.445213 4.927463 16.425327
22.929084 6.671593 17.173463
20.430432 4.897718 16.780435
19.626484 5.032993 17.150387
18.528582 4.356129 16.619300
18.935472 4.466593 18.285744
18.584409 4.331307 17.568409
17.365760 3.607228 17.617697
16.358076 3.318585 17.778331
17.406715 4.310254 18.029797
15.136138 2.782784 17.800152
15.380493 3.542869 16.685250
15.767896 2.045064 17.704332
15.457851 2.471081 18.394648
14.200653 2.091731 17.417980
13.289983 1.379441 18.481540
14.246928 1.444474 17.796062
13.348856 1.337975 17.588599
11.507035 0.253073 17.457804
13.364327 2.296072 17.475552
10.523853 -0.208164 17.758781
9.138111 0.255036 16.975622
9.716324 -0.942921 18.099168
8.353782 -0.160072 18.449856
8.977526 0.070331 18.241776
9.097627 0.236059 17.644745
6.881271 -1.441576 18.285737
6.298326 -2.126834 18.004442
8.103813 -1.088787 18.165256
6.398669 -1.580680 17.203889
5.881547 -2.980770 17.592570
4.450315 -2.443490 18.758153
3.448129 -3.206135 17.749596
6.013532 -1.396419 18.243091
3.700746 -3.024408 17.810177
3.850655 -3.194097 17.670119
6.134822 -2.392892 18.947091
6.750838 -1.688191 18.185385
6.806906 -2.352340 17.551064
6.749127 -0.931472 18.900404
7.550047 -1.205720 19.079763
6.095503 -1.747188 18.131018
6.438921 -1.969622 18.128045
6.831707 -1.594373 17.811263
7.748341 -1.606105 17.436512
7.614174 -1.178362 19.147569
7.506393 -1.109846 18.973487
7.590777 -0.824374 18.247477
7.749267 -1.212124 18.091567
7.591151 -0.675362 17.489192
7.012021 -1.634223 18.718395
7.773561 -0.810307 17.928064
7.051956 -2.152405 17.859078
6.507250 -1.239888 18.479545
7.799796 -1.465079 18.648783
6.696250 -2.560635 18.014954
6.362743 -1.450404 18.828029
7.819522 -1.127646 18.004085
6.232076 -2.352245 18.256558
7.863292 -1.232894 17.690073
7.150889 -1.871338 18.819515
242

476767
6.686973
.093125 16.008872
3806
1
.129920
1032
16.376553
3
30.241575 9.885744 15.481519
31.825123 11.034452 16.362127
