200.437244 70.000000 9.826197
200.038856 74.752106 12.157482
197.168047 74.802924 11.935306
196.653115 82.506054 12.214754
195.483051 78.220733 11.902191
193.986103 85.595439 11.822929
191.627455 77.856042 11.221276
190.198259 82.334349 10.763357
189.152206 74.654534 10.925969
188.449577 74.340266 11.662964
185.866859 69.655186 12.382860
185.435422 64.593564 12.442905
183.005258 64.711623 10.457868
181.578513 57.318135 12.013277
181.006187 61.964943 11.008422
179.198253 54.288610 11.701742
178.317401 61.901125 6.827966
176.923691 58.222608 9.127671
174.916517 65.315611 9.861419
172.904240 66.334064 11.693263
172.164177 70.706607 12.334885
170.530219 76.093032 11.879128
169.435368 75.754547 9.635303
168.436056 82.951308 12.389928
165.899375 77.957375 7.146867
164.772057 85.555547 11.489857
163.423036 78.116832 9.925279
162.627363 81.340566 11.495537
160.839936 74.008001 9.977994
158.874260 72.929896 11.923882
157.670017 68.983141 7.756022
156.778863 63.317756 11.069217
155.152403 64.445367 12.446880
154.259301 56.684852 12.155870
152.330625 61.877746 10.709433
150.575349 54.329785 7.387984
148.924452 62.038561 12.183108
148.260157 59.138065 11.523445
147.012588 66.047088 12.272493
144.508361 67.587021 11.178963
143.728043 71.376791 7.836482
142.634236 77.151220 12.298444
140.892088 75.837043 12.096809
139.504537 84.255347 10.319931
137.907559 78.350928 11.558545
136.559376 84.940947 12.388914
135.387266 77.811251 11.958463
134.301940 80.199240 11.353084
132.823225 73.477282 7.796236
130.391792 71.735671 11.051467
131.354811 68.248997 12.464035
129.931090 62.250241 7.425088
129.753000 63.730705 11.227209
130.601698 55.375754 6.827503
129.779293 61.209782 12.392832
130.092258 54.536522 8.984285
130.263456 62.909271 8.180865
130.258354 59.784140 7.461998
128.947026 66.785599 6.534570
129.391575 68.934508 6.681470
128.906398 72.171047 11.874532
128.690698 78.159802 11.242813
128.384157 76.245208 11.908431
129.117792 84.233666 11.166333
128.369636 78.248176 6.960465
128.661441 85.109951 11.167758
127.887746 76.817593 11.545082
127.835307 79.328498 11.326821
127.431427 72.889743 8.379203
127.649241 70.417784 12.014413
128.027404 67.655097 10.386353
127.061294 60.945673 11.176291
126.318088 63.597382 12.127120
127.465972 55.671434 11.638859
126.697776 61.842124 12.207270
126.736674 55.218206 11.843168
127.130923 62.832989 11.903309
126.025179 61.231677 11.668428
126.512851 67.349944 11.227187
126.311219 70.214204 12.499626
126.039862 72.788265 12.301214
125.790892 79.099520 10.176378
125.460717 76.633806 8.038960
125.412225 85.009785 11.472385
125.056046 78.264844 11.295852
124.991326 84.533737 8.830036
124.658776 76.508838 6.712076
124.490262 78.780062 7.811799
124.651057 72.250695 8.574243
124.659018 69.130261 9.666825
123.841609 66.861029 11.177413
124.379782 60.149581 11.786550
123.645778 63.127594 10.096305
123.018086 54.926329 9.233680
122.938250 61.904314 11.381360
123.469070 55.583182 11.761684
122.717875 63.203160 11.782937
122.292997 61.927931 8.471146
123.304937 68.046964 7.130073
122.885558 71.510315 12.445230
122.176615 73.266892 11.811955
121.957406 80.105018 11.670076
122.564806 77.062412 11.682312
122.185556 85.358135 11.291533
121.538463 77.992962 11.256001
121.441274 83.740867 9.232479
121.933978 76.558671 10.372712
121.292841 77.605999 10.647581
120.928978 71.605793 10.654309
120.940236 67.857644 7.110907
121.060663 66.442463 9.393946
120.766622 58.831734 11.234706
120.640782 62.706576 11.700366
120.687293 55.020256 12.430084
120.154304 61.464774 11.168427
119.869509 56.092308 11.129142
120.423563 64.230671 12.426691
119.446960 63.118705 12.253947
119.711192 68.843455 6.718054
118.788015 72.839946 11.840588
119.137758 73.958318 11.880929
118.165451 81.619901 8.198457
119.179706 77.672671 10.362660
118.761134 85.587191 11.742904
118.696417 78.006802 11.958626
117.529688 83.585513 8.350783
117.538779 75.527496 11.206296
117.835732 76.402775 7.909255
118.246494 70.782595 10.428260
117.636389 66.613283 11.317701
117.195615 65.630095 11.665141
116.526399 58.296242 10.256909
116.249663 61.892070 9.338919
116.343845 54.257772 9.356953
116.407781 61.970193 10.742158
115.976585 56.625583 11.406295
115.789891 64.531265 11.809453
116.876694 64.268627 7.811251
115.515610 69.541334 11.012327
115.962542 73.949164 10.146143
116.359958 74.598329 11.305415
115.722247 82.470634 12.196494
115.641192 77.825619 12.222501
115.692539 85.230541 9.098213
115.405409 77.927978 11.689294
114.066028 82.824233 10.196236
114.237242 75.059955 6.626670
115.178381 75.195844 11.671096
114.941100 70.119129 9.541325
114.746842 65.453610 8.473005
114.473608 65.024419 11.357734
113.432329 57.164066 7.088350
113.768761 62.193916 11.388444
113.250713 54.201014 7.327204
113.101988 61.750689 11.630898
113.358502 57.980076 12.370457
112.511994 64.930890 12.089253
112.463576 65.641237 11.678394
112.335547 70.239117 9.269170
112.369304 75.309343 7.433430
112.757779 75.412807 12.279308
111.970427 82.895063 7.973008
111.229504 78.472510 7.663863
112.272684 84.997887 11.915001
112.030001 78.299972 11.376310
110.757220 82.098915 6.663408
111.502102 74.792117 11.283490
111.354630 73.762596 11.057025
111.489005 69.432144 8.245474
111.497230 64.040714 7.541423
109.947720 64.318158 11.638312
109.737700 56.680141 9.336641
109.977865 61.543696 7.431714
110.375350 54.299235 11.480271
110.647664 62.027087 11.746808
109.766877 58.565322 11.369714
109.149336 65.923768 8.336037
109.468333 66.818730 10.877264
109.927933 70.939852 11.900967
109.277139 76.511482 11.411867
109.633273 75.696055 8.698393
108.922650 83.168300 10.275871
108.125243 78.516710 12.436830
108.814044 85.101931 12.156120
108.438756 77.307954 9.122550
107.823263 81.290905 6.882456
108.556165 73.729059 7.452945
107.561361 72.554170 11.013445
106.949403 68.766189 10.783906
107.810395 62.800571 11.576686
107.539796 64.207517 7.465335
106.374873 56.045140 6.884006
106.435067 61.829358 11.196999
107.468393 54.409260 8.462194
106.223518 62.547485 7.608286
107.016799 59.458567 11.167846
105.941492 66.173964 7.751210
105.856802 68.115270 11.914249
105.236625 71.579768 12.363114
105.408348 77.469694 7.545281
105.920708 76.119896 6.744127
104.806623 84.117997 11.736068
104.449598 77.988659 9.704402
104.006662 84.787852 11.220967
103.338670 77.577547 8.260299
102.686963 80.309469 11.306493
100.988730 73.280349 12.422193
101.183627 71.292564 11.035728
100.620029 68.000262 11.070013
98.773783 61.617895 12.460799
98.261320 63.469033 7.420960
97.307585 55.601091 11.308482
96.712450 61.560341 11.736654
96.259276 54.852371 7.680398
95.381138 62.977694 11.614243
94.778172 60.499970 11.750109
94.052780 67.087360 11.765695
93.055105 69.339851 9.267748
92.240551 72.377496 12.317880
92.227388 78.716628 10.481924
90.852480 76.403752 12.318667
90.497150 84.930257 9.211588
89.471963 78.299070 11.518563
89.250464 84.610930 12.070828
88.405823 76.583091 11.711931
87.421429 79.008809 11.815699
87.021456 72.666538 9.841823
86.099720 70.004545 6.644892
85.044837 67.397433 12.478304
85.089992 60.906428 8.500467
84.731725 63.072732 8.193482
83.065745 55.067019 8.514039
82.769745 61.645179 9.246610
81.816922 55.750962 11.766458
81.305833 63.413379 10.706608
80.332626 61.409012 9.378084
79.774531 67.600726 11.092665
79.528840 70.641141 9.037183
78.343017 72.877450 12.286948
78.409581 79.731012 12.167076
76.699053 77.296622 11.696379
75.860218 85.434687 8.140909
76.365653 78.070073 7.229785
74.961089 84.801366 12.462854
74.772624 76.340958 8.433939
73.032563 78.331229 11.332202
73.015129 71.954791 7.898648
72.056775 68.715252 11.799266
71.748738 66.719004 11.539861
70.290952 59.468043 7.585776
